image_width: 1280
image_height: 1024
camera_name: narrow_stereo
camera_matrix:
  rows: 3
  cols: 3
  data: [957.467397, 0.000000, 644.684694, 0.000000, 958.340354, 536.618064, 0.000000, 0.000000, 1.000000]
distortion_model: plumb_bob
distortion_coefficients:
  rows: 1
  cols: 5
  data: [-0.309658, 0.109832, 0.000227, 0.000257, 0.000000]
rectification_matrix:
  rows: 3
  cols: 3
  data: [1.000000, 0.000000, 0.000000, 0.000000, 1.000000, 0.000000, 0.000000, 0.000000, 1.000000]
projection_matrix:
  rows: 3
  cols: 4
  data: [813.723816, 0.000000, 646.364463, 0.000000, 0.000000, 866.120117, 541.722326, 0.000000, 0.000000, 0.000000, 1.000000, 0.000000]
